{
  "model_name": "random_forest_tess",
  "model_type": "random_forest",
  "training_config": {
    "model_type": "random_forest",
    "target_column": "tfopwg_disp",
    "feature_columns": [
      "pl_pnum",
      "rastr",
      "ra",
      "decstr",
      "dec",
      "st_pmra",
      "st_pmraerr1",
      "st_pmraerr2",
      "pl_tranmid",
      "pl_tranmiderr1",
      "pl_tranmiderr2",
      "pl_orbper",
      "pl_orbpererr1",
      "pl_orbpererr2",
      "pl_trandurh",
      "pl_trandurherr1",
      "pl_trandurherr2",
      "pl_trandep",
      "pl_trandeperr1",
      "pl_trandeperr2",
      "pl_rade",
      "pl_radeerr1",
      "pl_radeerr2",
      "pl_insol",
      "pl_eqt",
      "st_tmag",
      "st_tmagerr1",
      "st_tmagerr2",
      "st_dist",
      "st_disterr1",
      "st_disterr2",
      "st_teff",
      "st_tefferr1",
      "st_tefferr2",
      "st_logg",
      "st_loggerr1",
      "st_loggerr2",
      "st_rad",
      "st_raderr1",
      "st_raderr2",
      "toi_created",
      "rowupdate"
    ],
    "hyperparameters": {
      "n_estimators": 400,
      "max_depth": 20
    },
    "preprocessing_config": {
      "impute_with_nasa_means": true,
      "scale_features": false
    },
    "target_validation": {
      "valid": true,
      "unique_values": [
        "PC",
        "CP",
        "KP",
        "FP",
        "APC",
        "FA"
      ],
      "value_counts": {
        "PC": 4207,
        "FP": 1067,
        "CP": 617,
        "KP": 524,
        "APC": 423,
        "FA": 91
      },
      "missing_count": 0,
      "mapping_suggestions": {
        "PC": "planet_candidate",
        "FP": "false_positive",
        "KP": "known_planet",
        "CP": "confirmed_planet"
      }
    }
  },
  "training_metrics": {
    "train_accuracy": 0.9848661233993015,
    "n_estimators": 400,
    "feature_importances": [
      0.001681241309828528,
      0.01757333023431639,
      0.01767057161477155,
      0.021756133603213133,
      0.02071929911218833,
      0.01949752159375189,
      0.017790161665034544,
      0.01818867779585841,
      0.030554240181092356,
      0.02831827065733605,
      0.028367094268058318,
      0.031612714585523116,
      0.02160628405553321,
      0.0218305564222341,
      0.02563167982900537,
      0.026296300586729274,
      0.027266581849117955,
      0.028240915283490143,
      0.020491053227347664,
      0.020278911863109234,
      0.028410995348623777,
      0.021489908139848413,
      0.02112504095987395,
      0.03154520374395532,
      0.030161728411635832,
      0.04623911034833594,
      0.006140597816510376,
      0.00611791818413903,
      0.03018702984770085,
      0.027203110552482933,
      0.02570729410537308,
      0.01927743102475273,
      0.017907303628231334,
      0.017295328720524274,
      0.018417144299231268,
      0.013027659042291471,
      0.012813096355756184,
      0.01960764653223185,
      0.01272640275880919,
      0.012623487666079946,
      0.07952047326013971,
      0.05708454951593299
    ],
    "oob_score": null,
    "val_accuracy": 0.7075320512820513
  },
  "evaluation_metrics": {
    "accuracy": 0.7085137085137085,
    "classification_report": "              precision    recall  f1-score   support\n\n         APC       0.50      0.07      0.12        85\n          CP       0.55      0.33      0.41       123\n          FA       0.00      0.00      0.00        18\n          FP       0.70      0.43      0.53       213\n          KP       0.81      0.48      0.60       105\n          PC       0.72      0.94      0.81       842\n\n    accuracy                           0.71      1386\n   macro avg       0.55      0.38      0.41      1386\nweighted avg       0.68      0.71      0.67      1386\n",
    "confusion_matrix": [
      [
        6,
        1,
        0,
        10,
        2,
        66
      ],
      [
        1,
        41,
        0,
        3,
        4,
        74
      ],
      [
        0,
        0,
        0,
        3,
        0,
        15
      ],
      [
        3,
        5,
        0,
        92,
        2,
        111
      ],
      [
        0,
        7,
        0,
        1,
        50,
        47
      ],
      [
        2,
        21,
        0,
        22,
        4,
        793
      ]
    ],
    "predictions": [
      "FP",
      "PC",
      "PC",
      "PC",
      "PC",
      "PC",
      "FP",
      "FP",
      "KP",
      "PC",
      "PC",
      "PC",
      "FP",
      "PC",
      "PC",
      "PC",
      "PC",
      "FP",
      "PC",
      "PC",
      "CP",
      "PC",
      "PC",
      "PC",
      "PC",
      "PC",
      "PC",
      "PC",
      "PC",
      "PC",
      "PC",
      "PC",
      "PC",
      "PC",
      "CP",
      "KP",
      "FP",
      "PC",
      "CP",
      "FP",
      "PC",
      "PC",
      "PC",
      "PC",
      "PC",
      "FP",
      "PC",
      "CP",
      "PC",
      "PC",
      "FP",
      "PC",
      "PC",
      "CP",
      "PC",
      "PC",
      "PC",
      "PC",
      "PC",
      "PC",
      "PC",
      "PC",
      "FP",
      "PC",
      "PC",
      "PC",
      "PC",
      "CP",
      "FP",
      "PC",
      "PC",
      "PC",
      "CP",
      "PC",
      "CP",
      "CP",
      "CP",
      "PC",
      "PC",
      "PC",
      "PC",
      "PC",
      "PC",
      "PC",
      "PC",
      "PC",
      "FP",
      "FP",
      "PC",
      "PC",
      "PC",
      "PC",
      "FP",
      "PC",
      "PC",
      "PC",
      "PC",
      "PC",
      "PC",
      "PC",
      "PC",
      "PC",
      "PC",
      "PC",
      "PC",
      "PC",
      "PC",
      "PC",
      "CP",
      "PC",
      "PC",
      "PC",
      "PC",
      "PC",
      "PC",
      "PC",
      "KP",
      "PC",
      "PC",
      "PC",
      "PC",
      "PC",
      "PC",
      "PC",
      "PC",
      "PC",
      "CP",
      "PC",
      "PC",
      "PC",
      "PC",
      "PC",
      "CP",
      "PC",
      "PC",
      "PC",
      "PC",
      "PC",
      "CP",
      "PC",
      "PC",
      "PC",
      "PC",
      "FP",
      "PC",
      "FP",
      "CP",
      "CP",
      "FP",
      "PC",
      "PC",
      "PC",
      "PC",
      "PC",
      "FP",
      "PC",
      "PC",
      "PC",
      "CP",
      "PC",
      "PC",
      "PC",
      "PC",
      "CP",
      "PC",
      "KP",
      "PC",
      "PC",
      "FP",
      "PC",
      "PC",
      "PC",
      "PC",
      "PC",
      "PC",
      "PC",
      "PC",
      "PC",
      "PC",
      "FP",
      "PC",
      "FP",
      "PC",
      "CP",
      "PC",
      "PC",
      "PC",
      "PC",
      "PC",
      "PC",
      "KP",
      "PC",
      "PC",
      "PC",
      "PC",
      "PC",
      "PC",
      "PC",
      "PC",
      "PC",
      "PC",
      "PC",
      "PC",
      "PC",
      "PC",
      "PC",
      "PC",
      "PC",
      "PC",
      "PC",
      "FP",
      "PC",
      "PC",
      "PC",
      "KP",
      "PC",
      "PC",
      "PC",
      "PC",
      "FP",
      "PC",
      "PC",
      "PC",
      "PC",
      "PC",
      "PC",
      "PC",
      "PC",
      "KP",
      "FP",
      "PC",
      "PC",
      "PC",
      "PC",
      "PC",
      "PC",
      "PC",
      "PC",
      "PC",
      "PC",
      "PC",
      "PC",
      "FP",
      "PC",
      "PC",
      "PC",
      "PC",
      "PC",
      "KP",
      "PC",
      "FP",
      "PC",
      "PC",
      "PC",
      "PC",
      "PC",
      "FP",
      "PC",
      "PC",
      "KP",
      "PC",
      "PC",
      "PC",
      "PC",
      "PC",
      "CP",
      "PC",
      "PC",
      "PC",
      "PC",
      "PC",
      "PC",
      "PC",
      "KP",
      "PC",
      "PC",
      "FP",
      "PC",
      "PC",
      "CP",
      "PC",
      "PC",
      "PC",
      "PC",
      "PC",
      "PC",
      "FP",
      "CP",
      "PC",
      "PC",
      "PC",
      "FP",
      "PC",
      "PC",
      "PC",
      "PC",
      "KP",
      "PC",
      "PC",
      "PC",
      "PC",
      "PC",
      "PC",
      "KP",
      "FP",
      "PC",
      "FP",
      "PC",
      "PC",
      "KP",
      "PC",
      "PC",
      "PC",
      "PC",
      "PC",
      "PC",
      "KP",
      "PC",
      "PC",
      "PC",
      "PC",
      "PC",
      "PC",
      "PC",
      "PC",
      "PC",
      "FP",
      "PC",
      "PC",
      "PC",
      "PC",
      "PC",
      "PC",
      "PC",
      "PC",
      "PC",
      "PC",
      "PC",
      "FP",
      "PC",
      "PC",
      "PC",
      "PC",
      "PC",
      "PC",
      "PC",
      "PC",
      "PC",
      "FP",
      "PC",
      "FP",
      "FP",
      "PC",
      "PC",
      "PC",
      "PC",
      "KP",
      "PC",
      "PC",
      "PC",
      "PC",
      "PC",
      "PC",
      "PC",
      "PC",
      "PC",
      "PC",
      "FP",
      "FP",
      "PC",
      "PC",
      "CP",
      "PC",
      "CP",
      "PC",
      "PC",
      "PC",
      "PC",
      "PC",
      "PC",
      "PC",
      "CP",
      "PC",
      "PC",
      "PC",
      "PC",
      "PC",
      "PC",
      "PC",
      "FP",
      "CP",
      "FP",
      "PC",
      "FP",
      "PC",
      "PC",
      "PC",
      "PC",
      "PC",
      "KP",
      "PC",
      "PC",
      "PC",
      "PC",
      "PC",
      "PC",
      "PC",
      "PC",
      "PC",
      "PC",
      "PC",
      "PC",
      "PC",
      "FP",
      "PC",
      "PC",
      "PC",
      "PC",
      "FP",
      "PC",
      "PC",
      "PC",
      "PC",
      "PC",
      "PC",
      "PC",
      "PC",
      "PC",
      "PC",
      "PC",
      "PC",
      "PC",
      "PC",
      "PC",
      "CP",
      "PC",
      "PC",
      "PC",
      "CP",
      "PC",
      "PC",
      "PC",
      "PC",
      "KP",
      "PC",
      "FP",
      "PC",
      "PC",
      "PC",
      "PC",
      "PC",
      "PC",
      "PC",
      "PC",
      "PC",
      "KP",
      "PC",
      "PC",
      "PC",
      "PC",
      "PC",
      "CP",
      "APC",
      "PC",
      "FP",
      "PC",
      "PC",
      "FP",
      "CP",
      "PC",
      "PC",
      "PC",
      "PC",
      "PC",
      "PC",
      "PC",
      "PC",
      "PC",
      "PC",
      "PC",
      "FP",
      "PC",
      "PC",
      "PC",
      "PC",
      "PC",
      "PC",
      "PC",
      "PC",
      "PC",
      "PC",
      "PC",
      "PC",
      "PC",
      "PC",
      "PC",
      "FP",
      "PC",
      "KP",
      "CP",
      "KP",
      "PC",
      "PC",
      "PC",
      "PC",
      "PC",
      "PC",
      "PC",
      "PC",
      "CP",
      "KP",
      "PC",
      "PC",
      "PC",
      "PC",
      "PC",
      "PC",
      "PC",
      "FP",
      "APC",
      "PC",
      "PC",
      "PC",
      "PC",
      "PC",
      "PC",
      "PC",
      "APC",
      "PC",
      "PC",
      "PC",
      "FP",
      "PC",
      "FP",
      "PC",
      "PC",
      "CP",
      "FP",
      "PC",
      "PC",
      "PC",
      "KP",
      "PC",
      "PC",
      "PC",
      "PC",
      "CP",
      "PC",
      "FP",
      "PC",
      "PC",
      "PC",
      "PC",
      "PC",
      "PC",
      "APC",
      "PC",
      "PC",
      "PC",
      "PC",
      "PC",
      "PC",
      "PC",
      "PC",
      "PC",
      "PC",
      "PC",
      "FP",
      "CP",
      "FP",
      "PC",
      "PC",
      "CP",
      "KP",
      "PC",
      "PC",
      "KP",
      "PC",
      "PC",
      "PC",
      "PC",
      "PC",
      "PC",
      "PC",
      "PC",
      "PC",
      "PC",
      "PC",
      "FP",
      "PC",
      "KP",
      "PC",
      "PC",
      "FP",
      "KP",
      "KP",
      "PC",
      "PC",
      "PC",
      "PC",
      "PC",
      "PC",
      "PC",
      "FP",
      "PC",
      "PC",
      "PC",
      "PC",
      "PC",
      "PC",
      "PC",
      "PC",
      "PC",
      "KP",
      "PC",
      "PC",
      "PC",
      "PC",
      "PC",
      "PC",
      "PC",
      "PC",
      "PC",
      "PC",
      "PC",
      "PC",
      "PC",
      "PC",
      "PC",
      "PC",
      "PC",
      "KP",
      "FP",
      "PC",
      "PC",
      "PC",
      "PC",
      "PC",
      "PC",
      "PC",
      "PC",
      "PC",
      "PC",
      "PC",
      "KP",
      "PC",
      "PC",
      "PC",
      "PC",
      "CP",
      "PC",
      "FP",
      "PC",
      "PC",
      "PC",
      "PC",
      "PC",
      "PC",
      "PC",
      "PC",
      "FP",
      "CP",
      "KP",
      "PC",
      "CP",
      "PC",
      "PC",
      "PC",
      "CP",
      "FP",
      "PC",
      "PC",
      "PC",
      "CP",
      "PC",
      "PC",
      "PC",
      "PC",
      "PC",
      "PC",
      "PC",
      "PC",
      "PC",
      "PC",
      "PC",
      "PC",
      "PC",
      "PC",
      "PC",
      "KP",
      "PC",
      "PC",
      "PC",
      "PC",
      "PC",
      "PC",
      "PC",
      "KP",
      "PC",
      "FP",
      "PC",
      "PC",
      "FP",
      "KP",
      "PC",
      "PC",
      "FP",
      "PC",
      "PC",
      "PC",
      "PC",
      "APC",
      "PC",
      "PC",
      "PC",
      "PC",
      "PC",
      "PC",
      "PC",
      "PC",
      "PC",
      "PC",
      "PC",
      "PC",
      "PC",
      "PC",
      "PC",
      "PC",
      "PC",
      "PC",
      "PC",
      "PC",
      "PC",
      "APC",
      "PC",
      "FP",
      "PC",
      "PC",
      "PC",
      "PC",
      "PC",
      "PC",
      "PC",
      "PC",
      "PC",
      "PC",
      "PC",
      "FP",
      "PC",
      "PC",
      "PC",
      "PC",
      "PC",
      "PC",
      "PC",
      "PC",
      "PC",
      "CP",
      "FP",
      "PC",
      "PC",
      "FP",
      "PC",
      "CP",
      "PC",
      "PC",
      "KP",
      "PC",
      "KP",
      "PC",
      "PC",
      "PC",
      "FP",
      "PC",
      "CP",
      "PC",
      "PC",
      "PC",
      "PC",
      "CP",
      "FP",
      "CP",
      "FP",
      "PC",
      "PC",
      "PC",
      "PC",
      "FP",
      "PC",
      "PC",
      "PC",
      "CP",
      "PC",
      "PC",
      "FP",
      "PC",
      "PC",
      "PC",
      "PC",
      "PC",
      "PC",
      "PC",
      "PC",
      "PC",
      "PC",
      "PC",
      "PC",
      "PC",
      "PC",
      "PC",
      "PC",
      "KP",
      "FP",
      "FP",
      "FP",
      "PC",
      "PC",
      "PC",
      "PC",
      "APC",
      "PC",
      "PC",
      "PC",
      "PC",
      "PC",
      "PC",
      "PC",
      "PC",
      "PC",
      "PC",
      "PC",
      "PC",
      "PC",
      "PC",
      "PC",
      "PC",
      "PC",
      "KP",
      "PC",
      "CP",
      "PC",
      "PC",
      "PC",
      "PC",
      "PC",
      "PC",
      "PC",
      "PC",
      "PC",
      "PC",
      "PC",
      "PC",
      "PC",
      "PC",
      "PC",
      "PC",
      "PC",
      "PC",
      "KP",
      "FP",
      "PC",
      "PC",
      "PC",
      "PC",
      "PC",
      "PC",
      "PC",
      "KP",
      "PC",
      "PC",
      "PC",
      "CP",
      "KP",
      "CP",
      "PC",
      "PC",
      "PC",
      "CP",
      "PC",
      "PC",
      "PC",
      "FP",
      "PC",
      "PC",
      "PC",
      "PC",
      "PC",
      "PC",
      "PC",
      "PC",
      "PC",
      "PC",
      "PC",
      "PC",
      "FP",
      "PC",
      "CP",
      "PC",
      "PC",
      "PC",
      "PC",
      "PC",
      "PC",
      "PC",
      "PC",
      "PC",
      "PC",
      "PC",
      "PC",
      "PC",
      "FP",
      "PC",
      "PC",
      "PC",
      "PC",
      "KP",
      "KP",
      "FP",
      "PC",
      "PC",
      "PC",
      "PC",
      "PC",
      "PC",
      "PC",
      "PC",
      "PC",
      "PC",
      "PC",
      "FP",
      "FP",
      "PC",
      "PC",
      "PC",
      "PC",
      "PC",
      "FP",
      "PC",
      "PC",
      "FP",
      "PC",
      "PC",
      "PC",
      "PC",
      "PC",
      "PC",
      "PC",
      "CP",
      "PC",
      "FP",
      "PC",
      "PC",
      "PC",
      "FP",
      "PC",
      "PC",
      "APC",
      "PC",
      "PC",
      "PC",
      "PC",
      "PC",
      "KP",
      "PC",
      "PC",
      "PC",
      "PC",
      "PC",
      "PC",
      "PC",
      "PC",
      "PC",
      "PC",
      "PC",
      "PC",
      "PC",
      "FP",
      "PC",
      "PC",
      "APC",
      "FP",
      "PC",
      "PC",
      "PC",
      "PC",
      "PC",
      "PC",
      "PC",
      "KP",
      "FP",
      "PC",
      "PC",
      "PC",
      "PC",
      "PC",
      "PC",
      "PC",
      "PC",
      "CP",
      "PC",
      "PC",
      "PC",
      "PC",
      "PC",
      "PC",
      "FP",
      "PC",
      "PC",
      "PC",
      "PC",
      "PC",
      "KP",
      "CP",
      "FP",
      "FP",
      "PC",
      "PC",
      "KP",
      "PC",
      "PC",
      "PC",
      "PC",
      "PC",
      "PC",
      "PC",
      "PC",
      "PC",
      "PC",
      "PC",
      "KP",
      "FP",
      "CP",
      "CP",
      "KP",
      "PC",
      "PC",
      "PC",
      "PC",
      "PC",
      "PC",
      "PC",
      "PC",
      "PC",
      "PC",
      "PC",
      "PC",
      "PC",
      "PC",
      "PC",
      "PC",
      "PC",
      "PC",
      "KP",
      "PC",
      "CP",
      "PC",
      "PC",
      "FP",
      "PC",
      "APC",
      "PC",
      "PC",
      "PC",
      "PC",
      "PC",
      "PC",
      "PC",
      "PC",
      "CP",
      "PC",
      "PC",
      "PC",
      "PC",
      "FP",
      "PC",
      "PC",
      "PC",
      "PC",
      "PC",
      "PC",
      "PC",
      "PC",
      "PC",
      "PC",
      "PC",
      "PC",
      "PC",
      "KP",
      "PC",
      "FP",
      "PC",
      "PC",
      "PC",
      "PC",
      "PC",
      "PC",
      "PC",
      "CP",
      "FP",
      "PC",
      "PC",
      "FP",
      "FP",
      "CP",
      "PC",
      "PC",
      "PC",
      "PC",
      "FP",
      "PC",
      "PC",
      "PC",
      "PC",
      "PC",
      "PC",
      "PC",
      "PC",
      "PC",
      "PC",
      "PC",
      "PC",
      "CP",
      "FP",
      "FP",
      "PC",
      "FP",
      "PC",
      "CP",
      "KP",
      "PC",
      "PC",
      "PC",
      "PC",
      "PC",
      "FP",
      "PC",
      "PC",
      "PC",
      "PC",
      "PC",
      "PC",
      "PC",
      "PC",
      "PC",
      "PC",
      "PC",
      "PC",
      "CP",
      "PC",
      "PC",
      "PC",
      "PC",
      "PC",
      "FP",
      "PC",
      "PC",
      "PC",
      "FP",
      "PC",
      "PC",
      "PC",
      "PC",
      "PC",
      "PC",
      "PC",
      "PC",
      "PC",
      "PC",
      "CP",
      "PC",
      "PC",
      "PC",
      "PC",
      "PC",
      "PC",
      "FP",
      "PC",
      "APC",
      "PC",
      "PC",
      "PC",
      "PC",
      "PC",
      "PC",
      "PC",
      "PC",
      "CP",
      "PC",
      "FP",
      "PC",
      "FP",
      "FP",
      "FP",
      "PC",
      "FP",
      "PC",
      "PC",
      "PC",
      "PC",
      "PC",
      "FP",
      "FP",
      "PC",
      "PC",
      "PC",
      "PC",
      "FP",
      "PC",
      "KP",
      "PC",
      "CP",
      "KP",
      "CP",
      "PC",
      "PC",
      "PC",
      "PC",
      "PC",
      "PC",
      "FP",
      "PC",
      "PC",
      "PC",
      "KP",
      "PC",
      "PC",
      "PC",
      "PC",
      "PC",
      "PC",
      "PC",
      "PC",
      "PC",
      "PC",
      "FP",
      "CP",
      "PC",
      "PC",
      "PC",
      "CP",
      "PC",
      "FP",
      "PC",
      "PC",
      "PC",
      "PC",
      "PC",
      "PC",
      "PC",
      "PC",
      "PC",
      "PC",
      "PC",
      "PC",
      "PC",
      "PC",
      "PC",
      "PC",
      "PC",
      "PC",
      "PC",
      "PC",
      "PC",
      "PC",
      "PC",
      "KP",
      "PC",
      "PC",
      "PC",
      "PC",
      "PC",
      "PC",
      "PC",
      "PC",
      "PC",
      "PC",
      "PC",
      "PC",
      "KP",
      "PC",
      "PC",
      "PC",
      "KP",
      "FP",
      "PC",
      "PC",
      "PC",
      "FP",
      "PC",
      "PC",
      "KP",
      "PC",
      "KP",
      "PC",
      "PC",
      "PC",
      "PC",
      "PC",
      "PC",
      "PC",
      "PC",
      "PC",
      "PC",
      "PC",
      "PC",
      "PC",
      "FP",
      "PC",
      "PC",
      "PC",
      "PC",
      "PC",
      "PC",
      "PC",
      "PC",
      "PC",
      "PC",
      "FP",
      "PC",
      "PC",
      "PC",
      "CP",
      "PC",
      "PC",
      "KP",
      "PC",
      "PC",
      "PC",
      "PC",
      "PC",
      "FP",
      "FP",
      "FP",
      "PC",
      "PC",
      "PC",
      "PC",
      "PC",
      "PC",
      "PC",
      "PC",
      "PC",
      "PC",
      "PC",
      "PC",
      "PC",
      "PC",
      "PC",
      "FP",
      "PC",
      "PC",
      "PC",
      "PC",
      "APC",
      "PC",
      "CP",
      "PC",
      "PC",
      "PC",
      "PC",
      "PC",
      "PC",
      "PC",
      "PC",
      "PC",
      "FP",
      "PC",
      "PC",
      "FP",
      "PC",
      "CP",
      "PC",
      "PC",
      "CP",
      "CP",
      "PC",
      "PC",
      "PC",
      "PC",
      "PC",
      "PC",
      "PC",
      "PC",
      "PC",
      "KP",
      "PC"
    ],
    "probabilities": [
      [
        0.04254385964912281,
        0.0325219298245614,
        0.05252192982456141,
        0.6299122807017544,
        0.0375,
        0.205
      ],
      [
        0.019022205555405913,
        0.059147135780486,
        0.00021350341704944723,
        0.08413134033830431,
        0.019160682640622564,
        0.8183251322681315
      ],
      [
        0.04558790520221111,
        0.03851568591343546,
        0.022651344750281983,
        0.22380647442623972,
        0.012944090940061,
        0.6564944987677709
      ],
      [
        0.0947708412490788,
        0.06463085467804369,
        0.023929621184973347,
        0.12196482491618445,
        0.1717230218877411,
        0.5229808360839787
      ],
      [
        0.06933302624957484,
        0.2306305941741205,
        2.033731597851279e-05,
        0.14359515946566437,
        0.05518157207015069,
        0.5012393107245111
      ],
      [
        0.003642572754819676,
        0.011407736120664353,
        4.959693195555947e-05,
        0.057400100400674677,
        0.2098625447475323,
        0.7176374490443536
      ],
      [
        0.08,
        0.03,
        0.015,
        0.45237499999999997,
        0.0425,
        0.38012500000000005
      ],
      [
        0.0625,
        0.0875,
        0.06625,
        0.46625,
        0.0275,
        0.29
      ],
      [
        0.0225,
        0.015,
        0.008,
        0.08,
        0.74625,
        0.12825
      ],
      [
        0.135049291621457,
        0.02004493236497229,
        0.0004642993758430296,
        0.11469169891391695,
        0.021341560729448195,
        0.7084082169943622
      ],
      [
        0.0183268434972806,
        0.07984584165985441,
        0.010495946196345536,
        0.029352986724565624,
        0.11607168659045623,
        0.7459066953314974
      ],
      [
        0.014292462399840146,
        0.12050437851637208,
        8.789330422091066e-05,
        0.08550082170494151,
        0.13395913574576726,
        0.6456553083288576
      ],
      [
        0.1375,
        0.04,
        0.015,
        0.585,
        0.06,
        0.1625
      ],
      [
        0.01536125551910543,
        0.022993813114669928,
        0.11139757729415195,
        0.26425999929809096,
        0.015081199077952752,
        0.570906155696029
      ],
      [
        0.19097869936334494,
        0.09236266248021698,
        0.07772806450490025,
        0.0834079968339635,
        0.17087054618044406,
        0.3846520306371303
      ],
      [
        0.030131166439681837,
        0.10024531658396821,
        0.025,
        0.2578798738536663,
        0.14006283222375324,
        0.44668081089893036
      ],
      [
        0.009607458929427009,
        0.029821809479708743,
        0.0003804422634410527,
        0.10176459126374983,
        0.020529059276253165,
        0.8378966387874205
      ],
      [
        0.04504385964912281,
        0.1525219298245614,
        0.04502192982456141,
        0.4624122807017544,
        0.0125,
        0.2825
      ],
      [
        0.052529170168415185,
        0.14404765695216387,
        0.010157115851384369,
        0.14620719127251752,
        0.03407079112349801,
        0.612988074632021
      ],
      [
        0.02,
        0.18016806722689074,
        0.16256302521008403,
        0.23506302521008404,
        0.04022431553266468,
        0.3619815668202765
      ],
      [
        0.0408466022440275,
        0.47572793190265084,
        0.007864361929150661,
        0.09053323073113251,
        0.06711453652112313,
        0.31791333667191546
      ],
      [
        0.08337854307062345,
        0.05414339794536223,
        0.010434521473573046,
        0.12635109447676812,
        0.0159987337088078,
        0.7096937093248654
      ],
      [
        0.04055046347717168,
        0.19375877991558224,
        0.04765534403086954,
        0.12205178962442138,
        0.028103000808984688,
        0.5678806221429704
      ],
      [
        0.030302407427948163,
        0.3155820126911061,
        0.0,
        0.04272425014148274,
        0.13751141552511417,
        0.4738799142143489
      ],
      [
        0.15502717391304346,
        0.2626358695652174,
        0.005,
        0.13502717391304347,
        0.1725,
        0.26980978260869565
      ],
      [
        0.012712062913020352,
        0.03384078439304985,
        0.002804509508717581,
        0.08359695340613428,
        0.13429631062606862,
        0.7327493791530094
      ],
      [
        0.13206433620858743,
        0.02926604368451208,
        0.020336285971081457,
        0.1405717262453648,
        0.015620217430765405,
        0.6621413904596891
      ],
      [
        0.0225,
        0.365,
        0.015,
        0.125,
        0.0425,
        0.43
      ],
      [
        0.020116156116918315,
        0.2780486802678114,
        0.02753968253968254,
        0.04277102730695808,
        0.08692315169098476,
        0.544601302077645
      ],
      [
        0.10321262601338364,
        0.14216962525375698,
        0.010338219267654752,
        0.18179756934558963,
        0.030316480757652236,
        0.5321654793619627
      ],
      [
        0.04931827833961418,
        0.11320143495396572,
        0.020114097493322377,
        0.15920006970682235,
        0.0869838808268263,
        0.5711822386794492
      ],
      [
        0.01704370413725316,
        0.059155442415355496,
        0.00021901560132391588,
        0.08664462883605399,
        0.022240569895273,
        0.8146966391147404
      ],
      [
        0.02015061096902529,
        0.10541676363524392,
        0.06752336448598131,
        0.21441422496702664,
        0.07795351367039766,
        0.5145415222723253
      ],
      [
        0.08149785948689559,
        0.04193055386600466,
        0.0035196004449931425,
        0.11157949023492937,
        0.01675938629203474,
        0.7447131096751427
      ],
      [
        0.005,
        0.72,
        0.02,
        0.020096689895470386,
        0.0075,
        0.22740331010452963
      ],
      [
        0.0325,
        0.1275,
        0.0,
        0.0525,
        0.685,
        0.1025
      ],
      [
        0.08642857142857142,
        0.09412016369047618,
        0.06267857142857142,
        0.4554092261904762,
        0.02571428571428571,
        0.275649181547619
      ],
      [
        0.01563106496098106,
        0.17267673411955095,
        0.06303721253803593,
        0.06495561707484972,
        0.06906371528546044,
        0.6146356560211218
      ],
      [
        0.0425,
        0.3025,
        0.005,
        0.2175,
        0.1475,
        0.285
      ],
      [
        0.040019685039370076,
        0.015,
        0.035,
        0.5575178571428572,
        0.025,
        0.3274624578177728
      ],
      [
        0.012422409314408196,
        0.026615621778466263,
        0.00011689524615738675,
        0.10845651656337699,
        0.006383336270050978,
        0.8460052208275404
      ],
      [
        0.0051263744382095446,
        0.1287908752973127,
        0.05009997078169168,
        0.07328604843414716,
        0.10087124963394999,
        0.641825481414689
      ],
      [
        0.05068671536919953,
        0.075718164553546,
        0.0026904434720760894,
        0.06136436628423264,
        0.10436042275223574,
        0.7051798875687099
      ],
      [
        0.01902969913352228,
        0.08300332674303805,
        0.0008516086668851808,
        0.12834287351610743,
        0.07184310162307284,
        0.6969293903173742
      ],
      [
        0.02657968722790018,
        0.03423577213658457,
        0.003696615388101502,
        0.04794454245277459,
        0.029255849534944024,
        0.858287533259695
      ],
      [
        0.042877936978480455,
        0.08127285079051383,
        0.015,
        0.45436367753623186,
        0.025040760869565214,
        0.38144477382520864
      ],
      [
        0.2053685532638937,
        0.09505952380952382,
        0.005059523809523809,
        0.19039752477524083,
        0.08255952380952382,
        0.4215553505322941
      ],
      [
        0.01,
        0.8,
        0.01,
        0.0125,
        0.0425,
        0.125
      ],
      [
        0.01730615438783009,
        0.04306538082819657,
        0.00011100586649415198,
        0.12515992224943268,
        0.040040969780162916,
        0.7743165668878832
      ],
      [
        0.013139567897975586,
        0.27505449752874966,
        0.015266955266955267,
        0.025904265565899056,
        0.0653365188536774,
        0.6052981948867431
      ],
      [
        0.0275,
        0.0275,
        0.115,
        0.512375,
        0.0175,
        0.300125
      ],
      [
        0.0017354099616155951,
        0.09086783317986154,
        8.37249784125021e-05,
        0.034414617771543296,
        0.04266396935237289,
        0.8302344447561941
      ],
      [
        0.014133421940194204,
        0.04365340600524542,
        0.0005115277780192618,
        0.11348451246096379,
        0.0032074571919789054,
        0.8250096746235986
      ],
      [
        0.04775,
        0.5229082278481012,
        0.01,
        0.03,
        0.0325,
        0.3568417721518988
      ],
      [
        0.07512391223726751,
        0.07244694243576177,
        0.007580393231450605,
        0.10483197261345,
        0.29690910138629756,
        0.4431076780957726
      ],
      [
        0.04349045728741102,
        0.02554132350219883,
        0.01011931981560894,
        0.1890929248156355,
        0.015385754149586726,
        0.716370220429559
      ],
      [
        0.03784579122108963,
        0.04685473703925076,
        0.000546040940318325,
        0.12372443290411832,
        0.008070207260792654,
        0.7829587906344304
      ],
      [
        0.02616582199573887,
        0.01847153145311151,
        0.014285139868412948,
        0.2873903859623107,
        0.01339935021968294,
        0.6402877705007429
      ],
      [
        0.08005208333333334,
        0.05251302083333333,
        0.010027777777777778,
        0.18269444444444446,
        0.22005555555555556,
        0.4546571180555556
      ],
      [
        0.0139987351900272,
        0.02900274001249084,
        8.475029679814902e-05,
        0.12052607423875218,
        0.013399204871700978,
        0.822988495390231
      ],
      [
        0.10831040495258398,
        0.09518284288648168,
        0.005105605900282831,
        0.1479822676580861,
        0.06718936271529723,
        0.5762295158872681
      ],
      [
        0.041892749862013884,
        0.018630322441158774,
        0.00022343740602363347,
        0.13478764233412627,
        0.02755948728882093,
        0.7769063606678569
      ],
      [
        0.0225,
        0.0125,
        0.0575,
        0.6875,
        0.0175,
        0.2025
      ],
      [
        0.010107921650377777,
        0.22352346795448175,
        0.03763677102910645,
        0.06310731505666023,
        0.027836121464738687,
        0.637788402844635
      ],
      [
        0.020517527848513763,
        0.047953928824048836,
        0.0011794187137694487,
        0.12832770568846005,
        0.01435484666671126,
        0.7876665722584967
      ],
      [
        0.06083333333333333,
        0.08777777777777779,
        0.0,
        0.20027777777777778,
        0.1125,
        0.5386111111111112
      ],
      [
        0.025790817469404342,
        0.02142060098887254,
        0.010553165423220792,
        0.1073035911338808,
        0.007009513479329158,
        0.8279223115052923
      ],
      [
        0.0275,
        0.4675,
        0.0425,
        0.1,
        0.005,
        0.3575
      ],
      [
        0.1,
        0.0625,
        0.1275,
        0.475,
        0.0175,
        0.2175
      ],
      [
        0.060078125,
        0.085078125,
        0.310078125,
        0.155078125,
        0.025,
        0.3646875
      ],
      [
        0.1725,
        0.07,
        0.015,
        0.16,
        0.245,
        0.3375
      ],
      [
        0.018502609894155548,
        0.013454284947920551,
        0.007611408309406747,
        0.0978478682592399,
        0.01543300938839372,
        0.8471508192008835
      ],
      [
        0.0075,
        0.49504999999999993,
        0.0125,
        0.012549999999999999,
        0.022857142857142857,
        0.4495428571428572
      ],
      [
        0.20263636363636364,
        0.06278504828504829,
        0.0075,
        0.14766974184352233,
        0.11475757575757577,
        0.46465127047748994
      ],
      [
        0.01,
        0.4228125,
        0.0625,
        0.0775,
        0.02,
        0.4071875
      ],
      [
        0.0800633481764207,
        0.3625763358778626,
        0.005,
        0.0951744062765055,
        0.18263358778625954,
        0.27455232188295164
      ],
      [
        0.0275,
        0.485,
        0.0375,
        0.1375,
        0.0225,
        0.29
      ],
      [
        0.01412897045518355,
        0.022063923243151196,
        0.0004570278241291314,
        0.09408764912344024,
        0.01168706721243704,
        0.8575753621416591
      ],
      [
        0.05270056387949818,
        0.11848471255001575,
        4.9836677606816084e-05,
        0.09125190415204337,
        0.27642284545244084,
        0.46109013728839515
      ],
      [
        0.010538778579191737,
        0.024641789742277882,
        0.0027602874663103768,
        0.10256554565893383,
        0.004259663126054101,
        0.8552339354272324
      ],
      [
        0.006000912163833087,
        0.026065170851521317,
        7.427709808534759e-05,
        0.05773923315081853,
        0.2369383181126664,
        0.6731820886230754
      ],
      [
        0.022093246616851223,
        0.03864181549602523,
        0.002860625778724421,
        0.20374583258393983,
        0.005840984267377173,
        0.7268174952570818
      ],
      [
        0.028090418951114415,
        0.12426322143160486,
        0.00024494105328789936,
        0.1349460927989887,
        0.02628436195959181,
        0.686170963805412
      ],
      [
        0.022956423147415913,
        0.02207390372514475,
        0.00020390250594662696,
        0.10637291030362114,
        0.003886869559266386,
        0.844505990758605
      ],
      [
        0.03507106040313839,
        0.02323547924244464,
        0.00024885395345470733,
        0.10975717896945542,
        0.00887701872124058,
        0.8228104087102666
      ],
      [
        0.15112716291273812,
        0.11129184421586338,
        0.02779764909221616,
        0.17385342575602875,
        0.047965200865497055,
        0.48796471715765655
      ],
      [
        0.33,
        0.0325,
        0.02,
        0.415,
        0.0525,
        0.15
      ],
      [
        0.06526583949313622,
        0.03251830066437874,
        0.0325,
        0.5026697797698124,
        0.02001583949313622,
        0.3470302405795364
      ],
      [
        0.016206357279946015,
        0.010520015741919646,
        0.0076448150999338235,
        0.11000285727737305,
        0.010561268117115455,
        0.8450646864837121
      ],
      [
        0.14374789755646492,
        0.01528290168697964,
        0.0011043705253137312,
        0.06789012533469672,
        0.021072562419876394,
        0.7509021424766688
      ],
      [
        0.006970135509167674,
        0.03182576416550822,
        0.0011093754003822605,
        0.17866169523151998,
        0.03418542820271848,
        0.747247601490703
      ],
      [
        0.062773827339565,
        0.05057383040935672,
        0.017521929824561404,
        0.41236563821110095,
        0.022613636363636364,
        0.4341511378517795
      ],
      [
        0.2675,
        0.19022727272727274,
        0.0026136363636363636,
        0.2678502235469449,
        0.0925,
        0.17930886736214602
      ],
      [
        0.02275716395274585,
        0.08837302892818519,
        0.11536672492272772,
        0.10285888347688735,
        0.005120008097949273,
        0.6655241906215046
      ],
      [
        0.04239464573234335,
        0.01568690439786653,
        1.9975178589871018e-05,
        0.08753984043766684,
        0.1555451227712455,
        0.6988135114822883
      ],
      [
        0.027560071206229622,
        0.02738165626175137,
        0.0008835112386198821,
        0.11016184586686134,
        0.01042439428116189,
        0.8235885211453762
      ],
      [
        0.057691125771013846,
        0.19606207387471172,
        0.007533783783783784,
        0.2582292840695538,
        0.04378116380536754,
        0.4367025686955693
      ],
      [
        0.009489228049318366,
        0.06778230041859949,
        0.0003101526291543335,
        0.0732543732391804,
        0.11286126072258228,
        0.7363026849411655
      ],
      [
        0.020138888888888887,
        0.3746701303492376,
        0.09770172705908071,
        0.07010231185440237,
        0.015211878996556814,
        0.4221750628518336
      ],
      [
        0.028162847863228438,
        0.07538582877798458,
        0.12015712526051743,
        0.0995406081320756,
        0.03366216713276441,
        0.6430914228334297
      ],
      [
        0.03799907042828476,
        0.17776812608377696,
        2.474065109909795e-05,
        0.15270141565276182,
        0.157576803671106,
        0.4739298435129713
      ],
      [
        0.009661441157284907,
        0.018906634272745654,
        0.002855723197161562,
        0.09633836343289202,
        0.003686259130659877,
        0.868551578809256
      ],
      [
        0.05757575757575758,
        0.05,
        0.1975,
        0.3225,
        0.02257575757575758,
        0.34984848484848485
      ],
      [
        0.03221695277597415,
        0.03358783186802823,
        0.005154412839631394,
        0.19059590865295653,
        0.163672985347121,
        0.5747719085162886
      ],
      [
        0.03364975223438584,
        0.28241524817693003,
        0.03506702130085751,
        0.04343258604961701,
        0.06415850901637192,
        0.5412768832218376
      ],
      [
        0.019427913449832444,
        0.02038404172325008,
        0.00010673867210210205,
        0.0908155280418723,
        0.3275043161417208,
        0.5417614619712221
      ],
      [
        0.031716697602171905,
        0.025671470993926172,
        8.120132125805901e-05,
        0.09087370120596493,
        0.0034706017017164447,
        0.8481863271749626
      ],
      [
        0.03356663173492509,
        0.014542940471572986,
        0.00019542234551507117,
        0.09017658223810847,
        0.2810109545235848,
        0.5805074686862932
      ],
      [
        0.02,
        0.735,
        0.0175,
        0.02,
        0.01,
        0.1975
      ],
      [
        0.008864018744506123,
        0.0186675099544364,
        0.00016635530482553542,
        0.08424659552419403,
        0.00946642308577491,
