{
  "model_name": "random_forest_tess",
  "model_type": "random_forest",
  "training_config": {
    "model_type": "random_forest",
    "target_column": "tfopwg_disp",
    "feature_columns": [
      "pl_pnum",
      "rastr",
      "ra",
      "decstr",
      "dec",
      "st_pmra",
      "st_pmraerr1",
      "st_pmraerr2",
      "pl_tranmid",
      "pl_tranmiderr1",
      "pl_tranmiderr2",
      "pl_orbper",
      "pl_orbpererr1",
      "pl_orbpererr2",
      "pl_trandurh",
      "pl_trandurherr1",
      "pl_trandurherr2",
      "pl_trandep",
      "pl_trandeperr1",
      "pl_trandeperr2",
      "pl_rade",
      "pl_radeerr1",
      "pl_radeerr2",
      "pl_insol",
      "pl_eqt",
      "st_tmag",
      "st_tmagerr1",
      "st_tmagerr2",
      "st_dist",
      "st_disterr1",
      "st_disterr2",
      "st_teff",
      "st_tefferr1",
      "st_tefferr2",
      "st_logg",
      "st_loggerr1",
      "st_loggerr2",
      "st_rad",
      "st_raderr1",
      "st_raderr2",
      "toi_created",
      "rowupdate"
    ],
    "hyperparameters": {
      "n_estimators": 400,
      "max_depth": 20
    },
    "preprocessing_config": {
      "impute_with_nasa_means": true,
      "scale_features": false
    },
    "target_validation": {
      "valid": true,
      "unique_values": [
        "PC",
        "CP",
        "KP",
        "FP",
        "APC",
        "FA"
      ],
      "value_counts": {
        "PC": 4207,
        "FP": 1067,
        "CP": 617,
        "KP": 524,
        "APC": 423,
        "FA": 91
      },
      "missing_count": 0,
      "mapping_suggestions": {
        "PC": "planet_candidate",
        "FP": "false_positive",
        "KP": "known_planet",
        "CP": "confirmed_planet"
      }
    }
  },
  "training_metrics": {
    "train_accuracy": 0.989755529685681,
    "n_estimators": 400,
    "feature_importances": [
      0.0022335708844572976,
      0.01807054114218214,
      0.017534445176484382,
      0.022902084718769457,
      0.020332113063802944,
      0.020435506816160572,
      0.016716850040790956,
      0.017351664729755897,
      0.03173451766404529,
      0.026155949171133966,
      0.027435403521850952,
      0.027130068186657974,
      0.022463382794359155,
      0.02348054681506214,
      0.02361195905930593,
      0.026670050392576403,
      0.026555137868677792,
      0.02811335402401143,
      0.02037628907947239,
      0.02093178095642274,
      0.02481433393926492,
      0.021321724497405565,
      0.021817104787803344,
      0.03347985843982784,
      0.03235558857306546,
      0.04572274524238921,
      0.006374444185416847,
      0.006333391819488196,
      0.03189796430362332,
      0.027611140627931262,
      0.026811741238685884,
      0.020801637382923236,
      0.017302209746549647,
      0.01703123791839874,
      0.018488691063344984,
      0.012045350954794786,
      0.012105669571867485,
      0.019191569539662306,
      0.0138149229768017,
      0.01428727496030518,
      0.0801728323781737,
      0.05598334974629654
    ],
    "oob_score": null,
    "val_accuracy": 0.7660256410256411
  },
  "evaluation_metrics": {
    "accuracy": 0.7727272727272727,
    "classification_report": "                precision    recall  f1-score   support\n\n            FA       0.00      0.00      0.00        18\n     candidate       0.77      0.95      0.85       926\nfalse_positive       0.73      0.35      0.47       214\n        planet       0.80      0.52      0.63       228\n\n      accuracy                           0.77      1386\n     macro avg       0.58      0.45      0.49      1386\n  weighted avg       0.76      0.77      0.75      1386\n",
    "confusion_matrix": [
      [
        0,
        14,
        3,
        1
      ],
      [
        0,
        879,
        21,
        26
      ],
      [
        0,
        138,
        74,
        2
      ],
      [
        0,
        106,
        4,
        118
      ]
    ],
    "predictions": [
      "candidate",
      "candidate",
      "candidate",
      "candidate",
      "false_positive",
      "candidate",
      "planet",
      "false_positive",
      "candidate",
      "candidate",
      "candidate",
      "candidate",
      "candidate",
      "candidate",
      "candidate",
      "candidate",
      "candidate",
      "candidate",
      "candidate",
      "candidate",
      "candidate",
      "candidate",
      "candidate",
      "false_positive",
      "false_positive",
      "candidate",
      "planet",
      "candidate",
      "candidate",
      "candidate",
      "false_positive",
      "candidate",
      "candidate",
      "candidate",
      "false_positive",
      "candidate",
      "planet",
      "candidate",
      "candidate",
      "candidate",
      "candidate",
      "planet",
      "candidate",
      "false_positive",
      "candidate",
      "candidate",
      "candidate",
      "candidate",
      "candidate",
      "candidate",
      "false_positive",
      "candidate",
      "false_positive",
      "candidate",
      "planet",
      "candidate",
      "candidate",
      "candidate",
      "false_positive",
      "candidate",
      "candidate",
      "candidate",
      "candidate",
      "false_positive",
      "candidate",
      "candidate",
      "candidate",
      "candidate",
      "candidate",
      "candidate",
      "candidate",
      "candidate",
      "false_positive",
      "candidate",
      "false_positive",
      "candidate",
      "false_positive",
      "candidate",
      "candidate",
      "planet",
      "candidate",
      "planet",
      "candidate",
      "candidate",
      "candidate",
      "candidate",
      "candidate",
      "candidate",
      "candidate",
      "candidate",
      "candidate",
      "candidate",
      "false_positive",
      "candidate",
      "candidate",
      "candidate",
      "candidate",
      "planet",
      "candidate",
      "candidate",
      "candidate",
      "candidate",
      "candidate",
      "candidate",
      "candidate",
      "candidate",
      "candidate",
      "candidate",
      "candidate",
      "candidate",
      "candidate",
      "false_positive",
      "planet",
      "candidate",
      "candidate",
      "candidate",
      "planet",
      "candidate",
      "candidate",
      "candidate",
      "candidate",
      "candidate",
      "candidate",
      "candidate",
      "candidate",
      "candidate",
      "false_positive",
      "candidate",
      "planet",
      "candidate",
      "candidate",
      "candidate",
      "candidate",
      "candidate",
      "planet",
      "candidate",
      "candidate",
      "planet",
      "candidate",
      "candidate",
      "candidate",
      "candidate",
      "planet",
      "candidate",
      "candidate",
      "candidate",
      "planet",
      "planet",
      "candidate",
      "planet",
      "candidate",
      "candidate",
      "candidate",
      "candidate",
      "candidate",
      "planet",
      "false_positive",
      "candidate",
      "candidate",
      "candidate",
      "candidate",
      "candidate",
      "candidate",
      "candidate",
      "candidate",
      "candidate",
      "candidate",
      "candidate",
      "false_positive",
      "candidate",
      "candidate",
      "candidate",
      "candidate",
      "candidate",
      "candidate",
      "planet",
      "candidate",
      "candidate",
      "candidate",
      "candidate",
      "candidate",
      "candidate",
      "candidate",
      "candidate",
      "candidate",
      "candidate",
      "candidate",
      "false_positive",
      "planet",
      "candidate",
      "false_positive",
      "candidate",
      "candidate",
      "planet",
      "candidate",
      "candidate",
      "candidate",
      "candidate",
      "planet",
      "candidate",
      "candidate",
      "candidate",
      "candidate",
      "candidate",
      "candidate",
      "candidate",
      "candidate",
      "candidate",
      "planet",
      "candidate",
      "planet",
      "candidate",
      "candidate",
      "candidate",
      "candidate",
      "candidate",
      "candidate",
      "planet",
      "false_positive",
      "candidate",
      "candidate",
      "candidate",
      "candidate",
      "candidate",
      "candidate",
      "candidate",
      "candidate",
      "candidate",
      "candidate",
      "candidate",
      "candidate",
      "candidate",
      "candidate",
      "candidate",
      "candidate",
      "candidate",
      "planet",
      "candidate",
      "false_positive",
      "candidate",
      "candidate",
      "candidate",
      "candidate",
      "false_positive",
      "candidate",
      "planet",
      "candidate",
      "planet",
      "candidate",
      "candidate",
      "candidate",
      "candidate",
      "false_positive",
      "candidate",
      "candidate",
      "candidate",
      "planet",
      "planet",
      "candidate",
      "candidate",
      "candidate",
      "candidate",
      "planet",
      "candidate",
      "candidate",
      "candidate",
      "planet",
      "candidate",
      "planet",
      "candidate",
      "candidate",
      "candidate",
      "candidate",
      "candidate",
      "candidate",
      "false_positive",
      "candidate",
      "candidate",
      "candidate",
      "candidate",
      "false_positive",
      "candidate",
      "candidate",
      "planet",
      "false_positive",
      "candidate",
      "candidate",
      "planet",
      "candidate",
      "false_positive",
      "candidate",
      "planet",
      "candidate",
      "candidate",
      "candidate",
      "candidate",
      "candidate",
      "candidate",
      "candidate",
      "candidate",
      "false_positive",
      "candidate",
      "candidate",
      "candidate",
      "candidate",
      "candidate",
      "candidate",
      "candidate",
      "candidate",
      "candidate",
      "candidate",
      "candidate",
      "candidate",
      "candidate",
      "candidate",
      "candidate",
      "candidate",
      "candidate",
      "candidate",
      "candidate",
      "false_positive",
      "candidate",
      "false_positive",
      "candidate",
      "candidate",
      "false_positive",
      "planet",
      "candidate",
      "candidate",
      "candidate",
      "candidate",
      "candidate",
      "candidate",
      "candidate",
      "candidate",
      "candidate",
      "candidate",
      "planet",
      "candidate",
      "candidate",
      "candidate",
      "candidate",
      "candidate",
      "candidate",
      "candidate",
      "candidate",
      "candidate",
      "candidate",
      "candidate",
      "planet",
      "false_positive",
      "planet",
      "candidate",
      "candidate",
      "candidate",
      "candidate",
      "planet",
      "candidate",
      "candidate",
      "candidate",
      "planet",
      "candidate",
      "candidate",
      "candidate",
      "candidate",
      "candidate",
      "candidate",
      "candidate",
      "candidate",
      "candidate",
      "candidate",
      "candidate",
      "planet",
      "candidate",
      "false_positive",
      "candidate",
      "planet",
      "candidate",
      "planet",
      "candidate",
      "candidate",
      "candidate",
      "candidate",
      "candidate",
      "candidate",
      "candidate",
      "candidate",
      "candidate",
      "candidate",
      "candidate",
      "candidate",
      "candidate",
      "candidate",
      "candidate",
      "candidate",
      "candidate",
      "false_positive",
      "candidate",
      "candidate",
      "candidate",
      "candidate",
      "planet",
      "candidate",
      "candidate",
      "candidate",
      "candidate",
      "candidate",
      "candidate",
      "false_positive",
      "candidate",
      "candidate",
      "candidate",
      "false_positive",
      "candidate",
      "planet",
      "candidate",
      "candidate",
      "candidate",
      "candidate",
      "candidate",
      "candidate",
      "candidate",
      "candidate",
      "candidate",
      "candidate",
      "candidate",
      "candidate",
      "candidate",
      "candidate",
      "candidate",
      "candidate",
      "candidate",
      "candidate",
      "candidate",
      "planet",
      "planet",
      "false_positive",
      "false_positive",
      "candidate",
      "planet",
      "planet",
      "candidate",
      "candidate",
      "candidate",
      "candidate",
      "candidate",
      "candidate",
      "candidate",
      "candidate",
      "candidate",
      "planet",
      "candidate",
      "candidate",
      "candidate",
      "candidate",
      "candidate",
      "candidate",
      "candidate",
      "false_positive",
      "planet",
      "candidate",
      "candidate",
      "planet",
      "false_positive",
      "candidate",
      "candidate",
      "candidate",
      "false_positive",
      "candidate",
      "candidate",
      "candidate",
      "candidate",
      "candidate",
      "candidate",
      "candidate",
      "planet",
      "candidate",
      "candidate",
      "candidate",
      "candidate",
      "candidate",
      "candidate",
      "candidate",
      "candidate",
      "candidate",
      "planet",
      "candidate",
      "candidate",
      "candidate",
      "candidate",
      "candidate",
      "candidate",
      "candidate",
      "candidate",
      "false_positive",
      "candidate",
      "candidate",
      "candidate",
      "candidate",
      "candidate",
      "candidate",
      "candidate",
      "candidate",
      "candidate",
      "candidate",
      "candidate",
      "candidate",
      "candidate",
      "candidate",
      "candidate",
      "planet",
      "planet",
      "planet",
      "candidate",
      "candidate",
      "candidate",
      "candidate",
      "candidate",
      "candidate",
      "false_positive",
      "candidate",
      "candidate",
      "candidate",
      "candidate",
      "candidate",
      "candidate",
      "candidate",
      "planet",
      "candidate",
      "candidate",
      "candidate",
      "candidate",
      "candidate",
      "candidate",
      "candidate",
      "candidate",
      "candidate",
      "candidate",
      "candidate",
      "candidate",
      "candidate",
      "candidate",
      "candidate",
      "candidate",
      "candidate",
      "candidate",
      "candidate",
      "candidate",
      "candidate",
      "candidate",
      "planet",
      "candidate",
      "candidate",
      "false_positive",
      "candidate",
      "candidate",
      "candidate",
      "candidate",
      "candidate",
      "candidate",
      "candidate",
      "candidate",
      "candidate",
      "false_positive",
      "candidate",
      "candidate",
      "candidate",
      "candidate",
      "candidate",
      "planet",
      "candidate",
      "candidate",
      "candidate",
      "candidate",
      "candidate",
      "candidate",
      "candidate",
      "candidate",
      "candidate",
      "candidate",
      "candidate",
      "planet",
      "candidate",
      "candidate",
      "candidate",
      "candidate",
      "candidate",
      "candidate",
      "candidate",
      "candidate",
      "candidate",
      "planet",
      "false_positive",
      "candidate",
      "candidate",
      "candidate",
      "false_positive",
      "candidate",
      "candidate",
      "candidate",
      "candidate",
      "candidate",
      "candidate",
      "candidate",
      "candidate",
      "candidate",
      "candidate",
      "candidate",
      "false_positive",
      "planet",
      "candidate",
      "planet",
      "planet",
      "candidate",
      "candidate",
      "candidate",
      "candidate",
      "candidate",
      "candidate",
      "candidate",
      "candidate",
      "candidate",
      "candidate",
      "candidate",
      "candidate",
      "candidate",
      "candidate",
      "candidate",
      "candidate",
      "candidate",
      "candidate",
      "candidate",
      "false_positive",
      "candidate",
      "candidate",
      "candidate",
      "planet",
      "candidate",
      "planet",
      "planet",
      "false_positive",
      "candidate",
      "candidate",
      "candidate",
      "candidate",
      "candidate",
      "false_positive",
      "candidate",
      "candidate",
      "candidate",
      "candidate",
      "candidate",
      "false_positive",
      "candidate",
      "candidate",
      "candidate",
      "false_positive",
      "planet",
      "candidate",
      "planet",
      "candidate",
      "planet",
      "candidate",
      "candidate",
      "candidate",
      "false_positive",
      "candidate",
      "candidate",
      "planet",
      "candidate",
      "planet",
      "candidate",
      "candidate",
      "candidate",
      "candidate",
      "candidate",
      "candidate",
      "false_positive",
      "candidate",
      "candidate",
      "candidate",
      "candidate",
      "candidate",
      "candidate",
      "candidate",
      "candidate",
      "candidate",
      "candidate",
      "candidate",
      "candidate",
      "candidate",
      "candidate",
      "candidate",
      "planet",
      "candidate",
      "candidate",
      "candidate",
      "false_positive",
      "candidate",
      "candidate",
      "candidate",
      "false_positive",
      "candidate",
      "candidate",
      "candidate",
      "candidate",
      "candidate",
      "candidate",
      "candidate",
      "planet",
      "candidate",
      "candidate",
      "candidate",
      "candidate",
      "candidate",
      "candidate",
      "planet",
      "planet",
      "candidate",
      "candidate",
      "candidate",
      "candidate",
      "candidate",
      "planet",
      "candidate",
      "candidate",
      "candidate",
      "candidate",
      "candidate",
      "false_positive",
      "candidate",
      "candidate",
      "candidate",
      "candidate",
      "false_positive",
      "candidate",
      "candidate",
      "planet",
      "candidate",
      "candidate",
      "candidate",
      "candidate",
      "planet",
      "candidate",
      "candidate",
      "candidate",
      "candidate",
      "candidate",
      "candidate",
      "candidate",
      "candidate",
      "candidate",
      "candidate",
      "candidate",
      "candidate",
      "candidate",
      "candidate",
      "planet",
      "false_positive",
      "candidate",
      "candidate",
      "candidate",
      "candidate",
      "candidate",
      "planet",
      "candidate",
      "candidate",
      "candidate",
      "candidate",
      "candidate",
      "planet",
      "candidate",
      "candidate",
      "candidate",
      "candidate",
      "false_positive",
      "candidate",
      "candidate",
      "planet",
      "candidate",
      "candidate",
      "planet",
      "candidate",
      "candidate",
      "candidate",
      "candidate",
      "candidate",
      "planet",
      "candidate",
      "candidate",
      "planet",
      "candidate",
      "candidate",
      "candidate",
      "candidate",
      "candidate",
      "candidate",
      "candidate",
      "planet",
      "candidate",
      "candidate",
      "candidate",
      "candidate",
      "planet",
      "planet",
      "candidate",
      "false_positive",
      "candidate",
      "false_positive",
      "candidate",
      "candidate",
      "candidate",
      "planet",
      "candidate",
      "candidate",
      "candidate",
      "candidate",
      "candidate",
      "candidate",
      "candidate",
      "candidate",
      "candidate",
      "candidate",
      "candidate",
      "candidate",
      "candidate",
      "candidate",
      "candidate",
      "candidate",
      "candidate",
      "candidate",
      "candidate",
      "candidate",
      "candidate",
      "candidate",
      "candidate",
      "candidate",
      "candidate",
      "candidate",
      "candidate",
      "candidate",
      "candidate",
      "candidate",
      "false_positive",
      "candidate",
      "candidate",
      "candidate",
      "candidate",
      "candidate",
      "candidate",
      "candidate",
      "candidate",
      "candidate",
      "candidate",
      "candidate",
      "candidate",
      "candidate",
      "candidate",
      "candidate",
      "candidate",
      "candidate",
      "candidate",
      "candidate",
      "candidate",
      "planet",
      "false_positive",
      "candidate",
      "candidate",
      "candidate",
      "candidate",
      "candidate",
      "candidate",
      "candidate",
      "candidate",
      "planet",
      "candidate",
      "candidate",
      "candidate",
      "candidate",
      "candidate",
      "candidate",
      "candidate",
      "candidate",
      "candidate",
      "candidate",
      "candidate",
      "candidate",
      "candidate",
      "candidate",
      "candidate",
      "candidate",
      "candidate",
      "candidate",
      "candidate",
      "candidate",
      "candidate",
      "candidate",
      "false_positive",
      "false_positive",
      "candidate",
      "candidate",
      "candidate",
      "candidate",
      "candidate",
      "planet",
      "candidate",
      "candidate",
      "candidate",
      "planet",
      "candidate",
      "planet",
      "candidate",
      "planet",
      "candidate",
      "candidate",
      "candidate",
      "candidate",
      "candidate",
      "candidate",
      "candidate",
      "candidate",
      "candidate",
      "planet",
      "candidate",
      "candidate",
      "planet",
      "planet",
      "candidate",
      "candidate",
      "candidate",
      "candidate",
      "candidate",
      "candidate",
      "candidate",
      "candidate",
      "candidate",
      "candidate",
      "planet",
      "candidate",
      "candidate",
      "candidate",
      "candidate",
      "candidate",
      "candidate",
      "planet",
      "candidate",
      "candidate",
      "planet",
      "false_positive",
      "candidate",
      "false_positive",
      "candidate",
      "candidate",
      "candidate",
      "false_positive",
      "candidate",
      "false_positive",
      "candidate",
      "candidate",
      "candidate",
      "candidate",
      "planet",
      "candidate",
      "candidate",
      "candidate",
      "planet",
      "candidate",
      "candidate",
      "candidate",
      "candidate",
      "candidate",
      "false_positive",
      "planet",
      "candidate",
      "candidate",
      "candidate",
      "candidate",
      "candidate",
      "candidate",
      "candidate",
      "candidate",
      "candidate",
      "planet",
      "candidate",
      "candidate",
      "candidate",
      "candidate",
      "false_positive",
      "candidate",
      "candidate",
      "candidate",
      "candidate",
      "candidate",
      "candidate",
      "candidate",
      "candidate",
      "planet",
      "planet",
      "candidate",
      "candidate",
      "candidate",
      "candidate",
      "candidate",
      "candidate",
      "candidate",
      "false_positive",
      "candidate",
      "candidate",
      "candidate",
      "candidate",
      "candidate",
      "candidate",
      "false_positive",
      "candidate",
      "candidate",
      "candidate",
      "candidate",
      "candidate",
      "candidate",
      "candidate",
      "candidate",
      "candidate",
      "candidate",
      "candidate",
      "candidate",
      "candidate",
      "candidate",
      "planet",
      "false_positive",
      "candidate",
      "planet",
      "candidate",
      "candidate",
      "candidate",
      "false_positive",
      "candidate",
      "candidate",
      "candidate",
      "candidate",
      "planet",
      "planet",
      "candidate",
      "candidate",
      "candidate",
      "candidate",
      "candidate",
      "candidate",
      "candidate",
      "candidate",
      "candidate",
      "planet",
      "candidate",
      "candidate",
      "candidate",
      "planet",
      "candidate",
      "candidate",
      "candidate",
      "candidate",
      "candidate",
      "planet",
      "candidate",
      "candidate",
      "candidate",
      "candidate",
      "candidate",
      "candidate",
      "candidate",
      "candidate",
      "candidate",
      "candidate",
      "candidate",
      "candidate",
      "candidate",
      "candidate",
      "planet",
      "candidate",
      "false_positive",
      "candidate",
      "candidate",
      "candidate",
      "candidate",
      "candidate",
      "candidate",
      "candidate",
      "candidate",
      "candidate",
      "candidate",
      "candidate",
      "candidate",
      "planet",
      "candidate",
      "candidate",
      "candidate",
      "candidate",
      "candidate",
      "candidate",
      "candidate",
      "candidate",
      "candidate",
      "candidate",
      "candidate",
      "candidate",
      "candidate",
      "candidate",
      "planet",
      "candidate",
      "false_positive",
      "candidate",
      "candidate",
      "candidate",
      "false_positive",
      "planet",
      "candidate",
      "candidate",
      "candidate",
      "candidate",
      "candidate",
      "candidate",
      "candidate",
      "candidate",
      "candidate",
      "candidate",
      "candidate",
      "candidate",
      "candidate",
      "candidate",
      "candidate",
      "candidate",
      "candidate",
      "candidate",
      "false_positive",
      "candidate",
      "candidate",
      "candidate",
      "candidate",
      "candidate",
      "candidate",
      "candidate",
      "candidate",
      "planet",
      "candidate",
      "candidate",
      "candidate",
      "candidate",
      "planet",
      "candidate",
      "candidate",
      "candidate",
      "candidate",
      "false_positive",
      "candidate",
      "candidate",
      "candidate",
      "false_positive",
      "candidate",
      "candidate",
      "candidate",
      "candidate",
      "candidate",
      "candidate",
      "candidate",
      "candidate",
      "candidate",
      "candidate",
      "candidate",
      "candidate",
      "candidate",
      "candidate",
      "candidate",
      "candidate",
      "candidate",
      "false_positive",
      "candidate",
      "false_positive",
      "planet",
      "candidate",
      "candidate",
      "planet",
      "candidate",
      "candidate",
      "candidate",
      "candidate",
      "false_positive",
      "planet",
      "candidate",
      "candidate",
      "candidate",
      "candidate",
      "candidate",
      "candidate",
      "false_positive",
      "false_positive",
      "candidate",
      "candidate",
      "candidate",
      "planet",
      "candidate",
      "planet",
      "candidate",
      "candidate",
      "candidate",
      "candidate",
      "candidate",
      "candidate",
      "candidate",
      "planet",
      "candidate",
      "candidate",
      "candidate",
      "planet",
      "candidate",
      "candidate",
      "candidate",
      "candidate",
      "candidate",
      "candidate",
      "candidate",
      "candidate",
      "candidate",
      "candidate",
      "candidate",
      "false_positive",
      "candidate",
      "candidate",
      "candidate",
      "candidate",
      "candidate",
      "candidate",
      "candidate",
      "candidate",
      "planet",
      "planet",
      "candidate",
      "candidate",
      "candidate",
      "candidate",
      "candidate",
      "candidate",
      "false_positive",
      "candidate",
      "candidate",
      "candidate",
      "candidate",
      "planet",
      "candidate",
      "candidate",
      "planet",
      "candidate",
      "planet",
      "candidate",
      "candidate",
      "candidate",
      "candidate",
      "false_positive",
      "candidate",
      "planet",
      "candidate",
      "candidate",
      "candidate",
      "candidate",
      "candidate",
      "candidate",
      "candidate",
      "candidate",
      "candidate",
      "candidate",
      "candidate",
      "candidate",
      "candidate",
      "candidate",
      "candidate",
      "candidate",
      "planet",
      "false_positive",
      "candidate",
      "candidate",
      "candidate",
      "candidate",
      "planet",
      "candidate",
      "candidate",
      "candidate",
      "candidate",
      "candidate",
      "candidate",
      "candidate",
      "candidate",
      "candidate",
      "candidate",
      "candidate",
      "candidate",
      "candidate",
      "candidate",
      "candidate",
      "candidate",
      "candidate",
      "candidate",
      "false_positive",
      "candidate",
      "false_positive",
      "planet",
      "candidate",
      "candidate",
      "candidate",
      "candidate",
      "candidate",
      "planet",
      "candidate",
      "false_positive",
      "candidate",
      "candidate",
      "candidate",
      "candidate",
      "candidate",
      "candidate",
      "candidate",
      "candidate",
      "candidate",
      "candidate",
      "candidate",
      "candidate",
      "candidate",
      "candidate",
      "candidate",
      "candidate",
      "planet",
      "candidate",
      "candidate",
      "planet",
      "candidate",
      "candidate",
      "planet",
      "candidate",
      "planet",
      "candidate",
      "false_positive",
      "false_positive",
      "candidate",
      "candidate",
      "candidate",
      "candidate",
      "candidate",
      "candidate",
      "candidate",
      "candidate",
      "candidate",
      "candidate",
      "candidate",
      "candidate",
      "false_positive",
      "false_positive",
      "candidate",
      "candidate",
      "candidate",
      "candidate",
      "candidate",
      "candidate",
      "candidate",
      "false_positive",
      "candidate",
      "candidate",
      "candidate",
      "candidate",
      "candidate",
      "candidate",
      "candidate",
      "planet",
      "candidate",
      "candidate",
      "candidate",
      "candidate",
      "candidate",
      "candidate",
      "candidate",
      "candidate",
      "candidate",
      "candidate",
      "candidate",
      "candidate",
      "candidate",
      "planet",
      "candidate",
      "candidate",
      "candidate",
      "candidate"
    ],
    "probabilities": [
      [
        1.1003077423216805e-05,
        0.6335021609672551,
        0.10777705762247908,
        0.2587097783328428
      ],
      [
        0.0026993053444528993,
        0.6688602910870045,
        0.04998346805004325,
        0.27845693551849926
      ],
      [
        0.013083849250253816,
        0.8123108483324344,
        0.06593185638784867,
        0.10867344602946329
      ],
      [
        0.00030575320991954954,
        0.842581884877972,
        0.11608891768341432,
        0.04102344422869377
      ],
      [
        0.03511363636363637,
        0.35474260319732764,
        0.43556857949574485,
        0.17457518094329116
      ],
      [
        0.015840558766859344,
        0.6180788338001574,
        0.1078985957892138,
        0.2581820116437694
      ],
      [
        0.0025,
        0.285,
        0.15,
        0.5625
      ],
      [
        0.0625,
        0.1678125,
        0.6796875,
        0.09
      ],
      [
        1.6778523489932884e-05,
        0.4964482603161597,
        0.228088633427975,
        0.27544632773237543
      ],
      [
        0.005981061672998911,
        0.657017260666522,
        0.1817166246037399,
        0.1552850530567392
      ],
      [
        0.012697278815670772,
        0.6300297508898486,
        0.30253993225043396,
        0.05473303804404675
      ],
      [
        0.00022429001909262495,
        0.7948342695929626,
        0.10531966010874096,
        0.0996217802792038
      ],
      [
        0.0225175932211386,
        0.4192991354160094,
        0.1904919359621681,
        0.3676913354006839
      ],
      [
        0.027609859379993607,
        0.4063974180423308,
        0.31825639639037756,
        0.247736326187298
      ],
      [
        0.005987184807394032,
        0.9137753643430852,
        0.02650846889439342,
        0.053728981955127465
      ],
      [
        0.0002380517373796006,
        0.8416957922113693,
        0.1241557938463912,
        0.033910362204859774
      ],
      [
        0.007829056291390728,
        0.5438305884619726,
        0.08834176237489581,
        0.359998592871741
      ],
      [
        0.010196701692117595,
        0.7205770890674903,
        0.24267913292099763,
        0.026547076319394566
      ],
      [
        0.03230744582469972,
        0.6626368616371974,
        0.1977471126336577,
        0.10730857990444509
      ],
      [
        0.0026202729111155713,
        0.8074694824279147,
        0.1531403600124323,
        0.03676988464853731
      ],
      [
        0.0028378854532694698,
        0.835742731389934,
        0.1199410026570507,
        0.04147838049974553
      ],
      [
        4.189089374274559e-05,
        0.639312975067571,
        0.19947856240791306,
        0.16116657163077336
      ],
      [
        0.00278640562031016,
        0.7455975569939893,
        0.2299537064416085,
        0.021662330944091698
      ],
      [
        0.0225,
        0.288031211750306,
        0.5908335373317013,
        0.09863525091799265
      ],
      [
        0.0375,
        0.31,
        0.495,
        0.1575
      ],
      [
        0.0061277025891635075,
        0.8405428913487032,
        0.12301193925793566,
        0.03031746680419738
      ],
      [
        0.0,
        0.39439394936880795,
        0.1773155415911881,
        0.42829050904000404
      ],
      [
        0.002622775835185107,
        0.7102480427073374,
        0.17265281039160257,
        0.11447637106587505
      ],
      [
        0.0724396472662478,
        0.7024477873774824,
        0.06508684094829773,
        0.1600257244079722
      ],
      [
        0.0001924554175011851,
        0.8619730226434922,
        0.11080926568719812,
        0.027025256251808304
      ],
      [
        0.0225,
        0.325,
        0.625,
        0.0275
      ],
      [
        0.04367918532343747,
        0.5348701458853045,
        0.19398802635732001,
        0.22746264243393813
      ],
      [
        0.017574531024531024,
        0.6582798178058863,
        0.035611242692953626,
        0.28853440847662903
      ],
      [
        0.007509881422924901,
        0.42214713823550853,
        0.24051325442525912,
        0.3298297259163075
      ],
      [
        0.11252688172043011,
        0.12263440860215054,
        0.7398387096774194,
        0.025
      ],
      [
        2.2320547242073674e-05,
        0.46126750034133296,
        0.09318333898504587,
        0.4455268401263791
      ],
      [
        0.0025,
        0.185,
        0.0375,
        0.775
      ],
      [
        0.0017041174288155735,
        0.8472413834415335,
        0.10001778410842924,
        0.05103671502122123
      ],
      [
        0.022831438426162497,
        0.5912158764690171,
        0.07743036776810357,
        0.3085223173367168
      ],
      [
        0.0077715039653702914,
        0.7726760055942847,
        0.1975097077202025,
        0.022042782720142186
      ],
      [
        0.0002455263150163102,
        0.8734776342916724,
        0.09258148061784931,
        0.03369535877546197
      ],
      [
        0.01,
        0.4248026315789474,
        0.1400657894736842,
        0.4251315789473684
      ],
      [
        0.0028051079548661773,
        0.8301220503903194,
        0.12648744782214533,
        0.040585393832669174
      ],
      [
        0.095,
        0.21675,
        0.5379999999999999,
        0.15025
      ],
      [
        0.0175,
        0.5674786324786325,
        0.01252136752136752,
        0.4025
      ],
      [
        0.00016329689561775634,
        0.6013087496607961,
        0.0658550421063258,
        0.3326729113372602
      ],
      [
        0.015003045066991474,
        0.5695669982476865,
        0.2827762743738599,
        0.13265368231146205
      ],
      [
        0.013250916646619502,
        0.71061789146886,
        0.08987325178584404,
        0.18625794009867624
      ],
      [
        0.0003169011645185636,
        0.7127096365540915,
        0.2215972804973964,
        0.0653761817839932
      ],
      [
        0.017573217317487268,
        0.674692011145828,
        0.06454853776721045,
        0.2431862337694742
      ],
      [
        0.04261904761904762,
        0.254734623015873,
        0.35753968253968255,
        0.3451066468253968
      ],
      [
        0.02,
        0.5787890026425244,
        0.32848625330315534,
        0.07272474405432029
      ],
      [
        0.015,
        0.3,
        0.6325,
        0.0525
      ],
      [
        0.0026740108166962923,
        0.7955925690135375,
        0.1507915008812438,
        0.05094191928852203
      ],
      [
        0.01,
        0.3823310810810811,
        0.1400506756756757,
        0.46761824324324325
      ],
      [
        0.0027522546793643287,
        0.8183591773911387,
        0.13042330122455006,
        0.04846526670494684
      ],
      [
        0.010507870615640735,
        0.8069544408710843,
        0.13064955163085723,
        0.05188813688241765
      ],
      [
        0.00636118576039783,
        0.6363411877509539,
        0.0547249305083674,
        0.3025726959802807
      ],
      [
        0.04502688172043011,
        0.2526344086021506,
        0.6398387096774194,
        0.0625
      ],
      [
        0.002781566974734084,
        0.7178718275262999,
        0.07424767055613804,
        0.20509893494282788
      ],
      [
        0.0,
        0.6374479166666667,
        0.13255208333333335,
        0.23
      ],
      [
        3.5967154061919204e-05,
        0.599036633767266,
        0.1887254012837712,
        0.2122019977949009
      ],
      [
        0.00757576380266251,
        0.5679456885390451,
        0.0587327989714642,
        0.365745748686828
      ],
      [
        0.09752688172043011,
        0.09513440860215054,
        0.7748387096774194,
        0.0325
      ],
      [
        0.00021399170748835825,
        0.8165018045386663,
        0.131941138613323,
        0.051343065140522344
      ],
      [
        0.000110946002343111,
        0.8242761034585406,
        0.013937106106424704,
        0.1616758444326917
      ],
      [
        0.0028878627085633683,
        0.7177633460494645,
        0.22984320189436427,
        0.04950558934760778
      ],
      [
        0.00010508432491398581,
        0.8307884211970367,
        0.10028903425055402,
        0.06881746022749512
      ],
      [
        0.0007103683465784513,
        0.897899097294555,
        0.03401263526084181,
        0.0673778990980248
      ],
      [
        0.0525,
        0.5278325380757938,
        0.38523222143559815,
        0.03443524048860813
      ],
      [
        0.0025503621592692107,
        0.5413578233125442,
        0.20493179568150413,
        0.25116001884668243
      ],
      [
        7.982762975627962e-05,
        0.797182733388357,
        0.10118615642708027,
        0.10155128255480646
      ],
      [
        0.04003731343283582,
        0.36887031873599035,
        0.5101667760100597,
        0.08092559182111421
      ],
      [
        0.0001520252087686081,
        0.7768707952762874,
        0.11617513072034331,
        0.10680204879460067
      ],
      [
        0.0275,
        0.46,
        0.485,
        0.0275
      ],
      [
        0.0025715816919709943,
        0.6965389196443853,
        0.07644350409020712,
        0.22444599457343642
      ],
      [
        0.02752688172043011,
        0.1648732145722998,
        0.672413336543091,
        0.1351865671641791
      ],
      [
        0.08348831461144374,
        0.7675216042755534,
        0.06941006030279742,
